의약품제형            고유 품목      앞 이미지      뒤 이미지       기타       전체 이미지
---------------------------------------------------------------------
원형              10,606     10,584     10,555        0       21,139
타원형              7,794      7,629      7,653        0       15,282
장방형              7,395      7,386      7,380        0       14,766
사각형                286        283        288        0          571
팔각형                280        280        280        0          560
삼각형                259        259        259        0          518
8자형                174        174        174        0          348
마름모형               103        104        103        0          207
물방울형               102        102        101        0          203
땅콩형                 62         62         62        0          124
오각형                 61         61         61        0          122
육각형                 55         55         55        0          110
심장형                 41         41         41        0           82
사과형                 34         34         34        0           68
구형                  22         21         21        0           42
탄환형                 21         21         20        0           41
나비넥타이형              14         14         14        0           28
(CSV 제형 충돌)          2          9          9        0           18
물방울형2                6          6          6        0           12
도넛형                  5          5          5        0           10
강낭콩형                 4          4          4        0            8
레몬형                  4          4          4        0            8
방패형                  4          4          4        0            8
클로버형                 4          4          4        0            8
반원형                  3          3          3        0            6
동물모양                 2          2          2        0            4
물방울형3                1          1          1        0            2
십각형                  1          1          1        0            2
애벌레형                 1          1          1        0            2
얼굴모양                 1          1          1        0            2
---------------------------------------------------------------------
합계              27,347     27,155     27,146        0       54,301

참고: CSV의 중복 품목 행 20개는 한 품목으로 처리했습니다.
주의: 중복 행의 제형이 서로 다른 품목 2개는 (CSV 제형 충돌)로 분리했습니다.
